k = 5;
a1 = 1;
a2 = 1;
g = 10;
m = 70;
sim ex4_1;